0 0.5 0.4861111111111111 0.972972972972973 0.9621212121212122
1 0.481981981981982 0.05303030303030303 0.3783783783783784 0.09595959595959595
2 0.17567567567567569 0.5808080808080808 0.1891891891891892 0.09090909090909091
2 0.9279279279279279 0.5227272727272727 0.10810810810810811 0.08585858585858586
5 0.7342342342342343 0.8459595959595959 0.3153153153153153 0.23737373737373738
7 0.49099099099099097 0.4823232323232323 0.9459459459459459 0.6161616161616161
7 0.5 0.4861111111111111 0.9819819819819819 0.9621212121212122
7 0.49099099099099097 0.34974747474747475 0.9369369369369369 0.351010101010101
3 0.5157657657657657 0.1388888888888889 0.30180180180180183 0.08585858585858586
5 0.40765765765765766 0.8244949494949495 0.24774774774774774 0.1994949494949495
