0 0.7647058823529411 0.7711111111111111 0.3088235294117647 0.3244444444444444
0 0.8621323529411765 0.14592592592592593 0.2536764705882353 0.19407407407407407
1 0.6599264705882353 0.6303703703703704 0.08455882352941177 0.04
1 0.9191176470588235 0.0637037037037037 0.08088235294117647 0.02962962962962963
1 0.8768382352941176 0.34296296296296297 0.0625 0.01925925925925926
5 0.6672794117647058 0.917037037037037 0.10661764705882353 0.03259259259259259
5 0.8051470588235294 0.17703703703703705 0.08088235294117647 0.016296296296296295
5 0.8382352941176471 0.2325925925925926 0.04411764705882353 0.02074074074074074
5 0.9154411764705882 0.20074074074074075 0.03676470588235294 0.034074074074074076
7 0.8602941176470589 0.14592592592592593 0.25735294117647056 0.19407407407407407
7 0.7573529411764706 0.7614814814814815 0.27941176470588236 0.22814814814814816
7 0.9191176470588235 0.4318518518518519 0.13970588235294118 0.16444444444444445
