0 0.20738636363636365 0.5739644970414202 0.4147727272727273 0.5621301775147929
0 0.6903409090909091 0.6198224852071006 0.5511363636363636 0.5532544378698225
0 0.5056818181818182 0.6124260355029586 0.38636363636363635 0.6627218934911243
1 0.7244318181818182 0.3757396449704142 0.16477272727272727 0.0650887573964497
1 0.4971590909090909 0.3505917159763314 0.16477272727272727 0.05029585798816568
5 0.6477272727272727 0.9053254437869822 0.09090909090909091 0.07692307692307693
5 0.35795454545454547 0.8313609467455622 0.11363636363636363 0.047337278106508875
5 0.5085227272727273 0.8254437869822485 0.17613636363636365 0.08875739644970414
7 0.7613636363636364 0.6375739644970414 0.32954545454545453 0.4349112426035503
7 0.4914772727272727 0.5887573964497042 0.3352272727272727 0.4319526627218935
