0 0.6802325581395349 0.49429657794676807 0.5465116279069767 0.4790874524714829
1 0.3546511627906977 0.21673003802281368 0.32558139534883723 0.23574144486692014
1 0.5581395348837209 0.33460076045627374 0.20930232558139536 0.15209125475285176
2 0.5261627906976745 0.49619771863117873 0.1569767441860465 0.07984790874524715
5 0.25290697674418605 0.8403041825095057 0.12209302325581395 0.08365019011406843
5 0.5261627906976745 0.6920152091254754 0.1569767441860465 0.09125475285171103
5 0.7034883720930233 0.6634980988593155 0.18604651162790697 0.07224334600760456
5 0.38372093023255816 0.7509505703422054 0.13953488372093023 0.09505703422053231
7 0.677325581395349 0.4828897338403042 0.5523255813953488 0.43346007604562736
7 0.43023255813953487 0.44866920152091255 0.813953488372093 0.714828897338403
